[app/ui]
version = 6.4.2
modtime = 1469556169.155078500

[app/launcher]
version = 6.4.2
modtime = 1469556169.177059900

[app/package/check_for_updates]
version = 6.4.2
modtime = 1469556169.186058800
