[app/ui]
version = 6.4.1
modtime = 1466405453.248862600

[app/launcher]
version = 6.4.1
modtime = 1466405453.255373800
